Dataset: PhiDP
[[ 118.18600929 -154.86917085    1.1956471  ...   34.38098081  99.49298129   78.53267717]
 [ 163.55694908  -28.21945169  151.04822854 ...  -30.78007127 09.05142282 -155.57730502]
 [ 131.81810107 -137.91502318   13.69285465 ...    9.58461075  11.67978086 -140.86544323]
 ...
 [131.33871093 170.73800342 -171.98580194 ...165.43476671 -44.22836387 -124.44913024]
 [ -74.38200004   20.83824127   81.77469618 ...  129.75990259    8.67368844  109.19483198]
 [  18.62670639   80.47451757   21.9774412  ... -161.61832075    83.8885351   -33.32634413]]
(360, 1000)

Dataset: SNR
[[35.74613535 35.66333285 38.29771178 ... 39.31539622 30.5123001  32.00830348]
 [36.31173489 39.42101967 32.9887932  ... 38.79055119 38.59607599  30.2460269 ]
 [33.2882121  37.61855469 33.28753223 ... 34.82925373 38.68587058  30.20454795]
 ...
 [36.20085654 34.36897488 35.16418804 ... 36.391256   37.43509095  36.57396754]
 [37.91566743 37.4352108  34.72264034 ... 33.81931904 32.81284541  35.57947232]
 [39.38852226 31.18172027 34.41906526 ... 30.42657747 31.97659533 36.479905  ]]
(360, 1000)

Dataset: Zdr
[[1.24458669 0.01581922 0.97233447 ... 0.73698711 1.66654926 0.91002967]
 [1.50875717 0.5234162  1.2654243  ... 0.27379169 0.44299895 1.9360977 ]
 [0.08669767 1.44816499 1.24946859 ... 0.92480639 1.83023496 1.50973623]
 ...
 [1.0430079  0.04462306 1.11401836 ... 1.9878666  0.21182828 1.56995514]
 [0.47515158 1.94490831 1.71076536 ... 1.16894497 1.22649262 0.49145723]
 [1.75877382 0.47165152 0.07132511 ... 1.62862111 0.39121209 1.14684403]]
(360, 1000)

Dataset: rho
[[0.9505901  0.99887296 0.96424223 ... 0.98994834 0.98196599 0.97694347]
 [0.96636512 0.96782318 0.97815007 ... 0.98823279 0.96600508 0.99033561]
 [0.95474947 0.98518797 0.9596918  ... 0.9670611  0.96500662 0.99818425]
 ...
 [0.95496967 0.9905296  0.97244825 ... 0.99402799 0.9677209  0.95050269]
 [0.99291418 0.98351867 0.95937893 ... 0.97079139 0.96248263 0.96242601]
 [0.95577099 0.97697519 0.98880817 ... 0.98007943 0.9628666  0.97373509]]
(360, 1000)

Dataset: sigma
[[0.14005946 0.22079622 2.76159828 ... 1.11587327 0.97163871 2.36248074]
 [2.27859497 0.92669616 2.92997548 ... 1.34277574 0.49988732 1.06814978]
 [1.39249219 2.50337718 0.45750415 ... 1.34089237 1.3856823  2.40719128]
 ...
 [1.17311512 0.81798878 2.69102643 ... 0.63486204 2.67138939 2.4498137 ]
 [0.52073732 2.22111955 2.22810743 ... 0.48692557 1.68624201 1.72556701]
 [2.51810778 1.19357179 2.57633036 ... 1.6451299  0.77522424 1.01178165]]
(360, 1000)

Dataset: v
[[ 2.11902134 -0.93441595  2.69434736 ... -0.41990791 -1.10545214    2.28506067]
 [ 4.24194443 -1.85158436  4.13431874 ...  2.08742609  0.5204087    1.77203938]
 [-1.65863271 -4.6093073  -2.02625057 ...  4.28232928  2.48863198  -1.92671622]
 ...
 [ 2.4708178   1.21414662 -0.06452002 ...  3.22985273 -1.95468357    0.80101368]
 [ 2.82137861  3.85414757  1.58977166 ...  3.28881532  0.75644007   -4.46499977]
 [ 2.58519872  3.67092202 -1.21215323 ...  3.7431767  -4.37260014   -2.97295134]]
(360, 1000)
